0 -5
1 -4.5
2 -4
3 -3.5
4 -3
5 -2.5
6 -2
7 -1.5
8 -1
9 -0.5
10 0
11 0.5
12 1
13 1.5
14 2
15 2.5
16 3
17 3.5
18 4
19 4.5
20 5
21 5.5
22 6
23 6.5
0 7
1 7.5
2 8
3 8.5
4 9
5 9.5
6 10
7 10.5
8 11
9 11.5
10 12
11 12.5
12 13
13 13.5
14 14
15 14.5
16 15
17 15.5
18 16
19 16.5
20 17
21 17.5
22 18
23 18.5
0 19
1 19.5
2 20
3 20.5
4 21
5 21.5
6 22
7 22.5
8 23
9 23.5
10 24
11 24.5
12 25
13 25.5
14 26
15 26.5
16 27
17 27.5
18 28
19 28.5
20 29
21 29.5
22 30
23 -5
0 -4.5
1 -4
2 -3.5
3 -3
4 -2.5
5 -2
6 -1.5
7 -1
8 -0.5
9 0
10 0.5
11 1
12 1.5
13 2
14 2.5
15 3
16 3.5
17 4
18 4.5
19 5
20 5.5
21 6
22 6.5
23 7
0 7.5
1 8
2 8.5
3 9
